STORE: [{'id': 71, 'store_id': 'cmpaocu7f00gy3pmbqoqoh5y7', 'store_name': '象子茶铺茶怒江东岸人民路店', 'cangkuid': 'MDCK000082'}]
594 summary count: 117

material_id   名称                       期末      入库       销量      报损      调净      还净      自购      理论剩余
cmpdj8hl700ng3pmi20ozbbw5PP700细吸管（新）         2300.00    0.00     0.00    0.00    0.00    0.00    0.00   2300.00
cmpdj8hlk00nl3pmiw0fai1id普洱茶（新版）             4900.00    0.00     0.00    0.00    0.00    0.00    0.00   4900.00
cmpdj8i6q00u43pmimzgm5567冷冻胭脂果汁              1900.00    0.00  8445.50    0.00    0.00    0.00    0.00      0.00  [负→0]
cmpdj8i8k00ut3pmijdy8024o云南杯套（新）             2400.00 1000.00     0.00    0.00    0.00    0.00    0.00   3400.00
cmpdj8icd00w73pmitx2p39t2（新）PLA三孔鲜奶吸管        3600.00    0.00    24.00    0.00    0.00    0.00    0.00   3576.00
cmpdj8icp00wc3pmi6ny4p82a圆边防漏溢纸              5250.00 3000.00     0.00    0.00    0.00    0.00    0.00   8250.00
cmpdj8ieo00x13pmixxbninbr外卖安心贴                  4.50    0.00     0.00    0.00    0.00    0.00    0.00      4.50
cmpdj8if100x63pmivljyqj4c沙发清洁剂                500.00    0.00     0.00    0.00    0.00    0.00    0.00    500.00
cmpdj8igd00xq3pmill561jfy云南风物杯套              1050.00 1000.00     0.00    0.00    0.00    0.00    0.00   2050.00
cmpdj8igq00xv3pmi7d642fox酸角果泥果酱             18000.0012000.00   160.00  180.00    0.00    0.00    0.00  29660.00
cmpdj8iky00zj3pmi12hb98lb洱宝话梅                2720.00  960.00    27.20    0.00    0.00    0.00    0.00   3652.80
cmpdj8ilq00zt3pmicxpdwao9牛油果限定公仔               50.00    0.00     0.00    0.00    0.00    0.00    0.00     50.00
cmpdj8im300zy3pmizpjdpduj速冻白西柚果粒             5000.00 5000.00  1310.00   80.00    0.00    0.00    0.00   8610.00
cmpdj8inh010i3pmifxvsoxu8牛油果杯套                950.00    0.00     0.00    0.00    0.00    0.00    0.00    950.00
cmpdj8int010n3pmih2xu0ocp白色一体盖               4250.00 2000.00   140.00    0.00    0.00    0.00    0.00   6110.00
cmpdj8io5010s3pmiz4d9uurd含氟消毒片                100.00    0.00     0.00    0.00    0.00    0.00    0.00    100.00
cmpdj8ioi010x3pmizzvvsvby餐具浸泡去渍粉             2000.00    0.00     0.00    0.00    0.00    0.00    0.00   2000.00
cmpdj8iqw011w3pmicw6p2u2b胖胖瓶                  174.00  100.00    38.00    0.00    0.00    0.00    0.00    236.00
cmpdj8is0012b3pmigrk6ia66牛油果鲜果               3000.00    0.00  1480.00    0.00    0.00    0.00    4.00   1524.00
cmpdj8isx012l3pmi1rwagefc咸法干酪乳               6000.00    0.00  1130.00    0.00    0.00    0.00    0.00   4870.00
cmpdj8itd012q3pmih1bdgb13厚椰乳                45000.0024000.00  6960.00    0.00    0.00    0.00    0.00  62040.00
cmpdj8j25015s3pmiijxe55bv一次性胶手套(L码)           100.00    0.00     0.00    0.00    0.00    0.00    0.00    100.00
cmpdj8j2j015x3pmiu560rcwj一次性胶手套(M码)           100.00  100.00     0.00    0.00    0.00    0.00    0.00    200.00
cmpdj8j3401623pmiinxklaap柠檬除胶剂               3000.00 2000.00     0.00    0.00    0.00    0.00    0.00   5000.00
cmpdj8j6a017b3pmi9irgewp2玫瑰酱                 6000.00 4000.00   310.00    0.00    0.00    0.00    0.00   9690.00
cmpdj8j6m017g3pmi5xlgqp9e火龙果                  400.00    0.00    50.00    0.00    0.00    0.00    0.00    350.00
cmpdj8j6x017l3pmi5y8h7ny7糯米小丸子               7000.00 6000.00  1050.00    0.00    0.00    0.00    0.00  11950.00
cmpdj8j79017q3pmid8fra9xb葡萄                  7000.00    0.00  8140.00    0.00    0.00    0.00    0.00      0.00  [负→0]
cmpdj8j7n017v3pmichc2r56b芒果                 16000.00    0.00  2630.00    0.00    0.00    0.00   17.80  13387.80
cmpdj8j8401803pmiwdsdgjbn柠檬                 30000.00    0.00 24790.00  200.00    0.00    0.00   30.00   5040.00
cmpdj8j8k01893pmi8whrl9as橄榄鲜果                5000.00    0.00  3780.00    0.00    0.00    0.00   10.00   1230.00
cmpdj8j91018i3pmivi24z9rc羽衣甘蓝（原料）            3600.00    0.00  2930.00    0.00    0.00    0.00    5.00    675.00
cmpdj8jam01923pmil8uup1if80*40小票打印纸(新店使用)     110.00    0.00     0.00    0.00    0.00    0.00    0.00    110.00
cmpdj8jb401993pmitsgs5kz2台面毛巾(灰色)              10.00    0.00     0.00    0.00    0.00    0.00    0.00     10.00
cmpdj8jbn019i3pmi1a6e53fb地面毛巾(酒红色)              3.00    0.00     0.00    0.00    0.00    0.00    0.00      3.00
cmpdj8jce019r3pmi3p1a9eluT33口感调节活性炭             1.00    0.00     0.00    0.00    0.00    0.00    0.00      1.00
cmpdj8jgz01bp3pmiilkiwbg8纯水机PP棉                 1.00    0.00     0.00    0.00    0.00    0.00    0.00      1.00
cmpdj8jiy01cg3pmirozzf8u1定制口罩                 350.00    0.00     0.00    0.00    0.00    0.00    0.00    350.00
cmpdj8jke01d03pmih3lcp2c1强效清洁剂                473.00    0.00     0.00    0.00    0.00    0.00    0.00    473.00
cmpdj8jmz01ee3pmiu89v8bso出品毛巾(木色)               2.00    0.00     0.00    0.00    0.00    0.00    0.00      2.00
cmpdj8jnb01ej3pmigsexcu8x垃圾袋                    7.00    0.00     0.00    0.00    0.00    0.00    0.00      7.00
cmpdj8jnm01eo3pmi8rtreh10酸性清洗粉               1000.00    0.00     0.00    0.00    0.00    0.00    0.00   1000.00
cmpdj8jnz01et3pmi9p2zal3l一次性防尘帽               200.00    0.00     0.00    0.00    0.00    0.00    0.00    200.00
cmpdj8joc01ey3pmihqk12x06定制纸巾                  12.00    0.00     0.00    0.00    0.00    0.00    0.00     12.00
cmpdj8jpj01fd3pmilu55e2b8一次性胶手套(S码)           100.00  100.00     0.00    0.00    0.00    0.00    0.00    200.00
cmpdj8jq101fi3pmiqvzfxveulogo标签纸               43.00    0.00     0.00    0.00    0.00    0.00    0.00     43.00
cmpdj8k9801m63pmipsputm46保鲜膜                    1.00    0.00     0.00    0.00    0.00    0.00    0.00      1.00
cmpdj8kic01pn3pmisyv769z1普洱贴纸                 400.00    0.00     0.00    0.00    0.00    0.00    0.00    400.00
cmpdj8kj001px3pmi1kiioybc牛油果贴纸                680.00    0.00     0.00    0.00    0.00    0.00    0.00    680.00
cmpdj8kjc01q23pmic7yl83ca滇橄榄贴纸                 40.00    0.00     0.00    0.00    0.00    0.00    0.00     40.00
cmpdj8kkd01qh3pmiwkqmggol滇红贴纸                 400.00  500.00     0.00    0.00    0.00    0.00    0.00    900.00
cmpdj8kkp01qm3pmifea0r080悦鲜活鲜奶              31350.0057000.00 20178.00    0.00    0.00    0.00    0.00  68172.00
cmpdj8kl201qr3pmix7x4o40w乍甸酸奶               51300.0072000.00 26100.00    0.00    0.00    0.00    0.00  97200.00
cmpdj8kld01qw3pmiraq874ma氧化亚氮气弹                36.00   20.00    26.70    0.00    0.00    0.00    0.00     29.30
cmpdj8klr01r13pmike5hg2ce安佳淡奶油               6000.00 4000.00  3100.00    0.00    0.00    0.00    0.00   6900.00
cmpdj8km501r63pmixhitwdzs冰勃朗               129000.0072000.00 33120.00    0.00    0.00    0.00    0.00 167880.00
cmpdj8kmi01rb3pmi3mk9bxfx酸奶粉                11000.00 4000.00   500.00    0.00    0.00    0.00    0.00  14500.00
cmpdj8kne01rl3pmi49o0vtc7炒米                   750.00    0.00    95.00    0.00    0.00    0.00    0.00    655.00
cmpdj8knt01rq3pmiw3mms5b6维生素C                1000.00    0.00    20.00    0.00    0.00    0.00    0.00    980.00
cmpdj8ko701rv3pmi6xrqgvl5珍珠粉圆               10000.00    0.00  4000.00    0.00    0.00    0.00    0.00   6000.00
cmpdj8kol01s03pmi2zu52uql水晶冻粉                2700.00    0.00    60.00    0.00    0.00    0.00    0.00   2640.00
cmpdj8koz01s53pmidkhb5vp9剥壳巴旦木1公斤           32000.0020000.00  5680.00    0.00    0.00    0.00    0.00  46320.00
cmpdj8kpj01sa3pmih7xe7b0b大麦若叶粉                375.00    0.00    15.00    0.00    0.00    0.00    0.00    360.00
cmpdj8kpz01sf3pmide9ef5s3云南红糖                5700.00 4000.00   560.00    0.00    0.00    0.00    0.00   9140.00
cmpdj8kqf01sk3pmi89jldgb5碧根果仁                1125.00    0.00   207.50    0.00    0.00    0.00    0.00    917.50
cmpdj8kqw01sp3pmir61o7sjh泰国木薯淀粉              1500.00    0.00   125.00    0.00    0.00    0.00    0.00   1375.00
cmpdj8krb01su3pmidrsp9h4l冷冻滇橄榄原汁            19500.0012000.00  2510.00    0.00    0.00    0.00    0.00  28990.00
cmpdj8ksi01sz3pmicehinp5h冷冻树番茄               5000.00 4000.00   660.00  940.00    0.00    0.00    0.00   7400.00
cmpdj8ksx01t43pmiwc297n9j冷冻牛奶米布             14000.0010000.00  2100.00    0.00    0.00    0.00    0.00  21900.00
cmpdj8ktc01t93pmib2i7tyrh冷冻牛油果泥(24包/件)     117000.0024000.00 21060.00    0.00    0.00    0.00    0.00 119940.00
cmpdj8kto01te3pmikgwitgrz速冻芒果浆              14250.00 9500.00  1539.00    0.00    0.00    0.00    0.00  22211.00
cmpdj8ku001tj3pmizx5xl24m安佳黄油                 794.50  908.00   140.74    0.00    0.00    0.00    0.00   1561.76
cmpdj8kuc01to3pmiyrefgzrf兰韵清露茶               3100.00 1000.00   255.00    0.00    0.00    0.00    0.00   3845.00
cmpdj8kun01tt3pmiuk0edg31青玉观音茶               4350.00 1000.00   210.00    0.00    0.00    0.00    0.00   5140.00
cmpdj8kuz01ty3pmi4c1yc5jq云豪茉莉茶               8500.00 5000.00  1300.00    0.00    0.00    0.00    0.00  12200.00
cmpdj8kvc01u33pmiu4uyeb07山野滇红茶               4900.00 3000.00   565.00    0.00    0.00    0.00    0.00   7335.00
cmpdj8kw401ud3pmi7jru2nvj黑糖糖浆               10000.00 4000.00  1600.00    0.00    0.00    0.00    0.00  12400.00
cmpdj8kwm01ui3pmia673653j冰蔗糖浆（新）           141000.0096000.00 40080.00    0.00    0.00    0.00    0.00 196920.00
cmpdj8kwz01un3pmiskqvm04x水果糖浆.              20000.0010000.00  2070.00    0.00    0.00    0.00    0.00  27930.00
cmpdj8kxb01us3pmiu9cejawo幼砂糖-               45000.00    0.00  4800.00    0.00    0.00    0.00    0.00  40200.00
cmpdj8kxo01ux3pmi24ymhact新黑糖粉                4500.00 3000.00   650.00    0.00    0.00    0.00    0.00   6850.00
cmpdj8ky001v23pmivcwoc21s香草糖浆1                840.00    0.00    36.00    0.00    0.00    0.00    0.00    804.00
cmpdj8kyq01v73pmil0jc4b4k柠檬茶杯套               1150.00 1000.00     0.00    0.00    0.00    0.00    0.00   2150.00
cmpdj8kz401vc3pmiy8ox48d6无纺布单杯袋              1970.00 1200.00     0.00    0.00    0.00    0.00    0.00   3170.00
cmpdj8kzh01vh3pmiw3qbsvee98PET杯+盖            4350.00 1000.00   490.00    0.00    0.00    0.00    0.00   4860.00
cmpdj8kzv01vm3pmiffhz2ghg无纺布双杯袋              1050.00  800.00     0.00    0.00    0.00    0.00    0.00   1850.00
cmpdj8l0801vr3pmie62s070l纸质小料杯                275.00    0.00     0.00    0.00    0.00    0.00    0.00    275.00
cmpdj8l0k01vw3pmir4vcscq9PP500粗吸管            5400.00 2000.00   360.00    0.00    0.00    0.00    0.00   7040.00
cmpdj8l0x01w13pmidcqs2ay9PLA单个打包袋             970.00    0.00     0.00    0.00    0.00    0.00    0.00    970.00
cmpdj8l1a01w63pmiw728phsa注塑杯(500)            4525.00    0.00   565.00    0.00    0.00    0.00    0.00   3960.00
cmpdj8l1m01wb3pmiwizk537uPP700粗吸管            4850.00 2000.00   420.00    0.00    0.00    0.00    0.00   6430.00
cmpdj8l1z01wg3pmid4jlicdd半球杯盖                2550.00 1000.00   480.00    0.00    0.00    0.00    0.00   3070.00
cmpdj8l2c01wl3pmip5i88dtwPLA双个打包袋             100.00    0.00     0.00    0.00    0.00    0.00    0.00    100.00
cmpdj8l2o01wq3pmij1it4es2封口膜                 5600.00    0.00     0.00    0.00    0.00    0.00    0.00   5600.00
cmpdj8l3001wv3pmi4qs6kog4新版小黑勺                190.00    0.00     0.00    0.00    0.00    0.00    0.00    190.00
cmpdj8l3c01x03pmiidva8z1i四杯托(纸托)              485.00    0.00     0.00    0.00    0.00    0.00    0.00    485.00
cmpdj8l3o01x53pmizumq9omd无纺布四杯袋               450.00    0.00     0.00    0.00    0.00    0.00    0.00    450.00
cmpdj8l4101xa3pmih1hyfrwg小木勺子(奶油专用)           150.00    0.00    34.00    0.00    0.00    0.00    0.00    116.00
cmpdj8l4d01xf3pmi5edyuk9i牛皮纸杯                3220.00 1000.00   225.00    0.00    0.00    0.00    0.00   3995.00
cmpdj8l4q01xk3pmii9s4pjqw试饮杯                  400.00    0.00     0.00    0.00    0.00    0.00    0.00    400.00
cmq28fcmt04bx3pq3annnxkts奇亚籽（原材料）             900.00    0.00   190.00    0.00    0.00    0.00    0.00    710.00
cmq28fcpj04cs3pq330cl6xzy燕麦龙珠（原材料）          10200.00    0.00   612.00    0.00    0.00    0.00    0.00   9588.00
cmq28fd2l04g53pq3harnjxz2花瓣（原材料）              125.00    0.00     0.00    0.00    0.00    0.00    0.00    125.00
cmq28fdny04mi3pq30g0rnfx6蓝色毛巾(蓝色)               2.00    0.00     0.00    0.00    0.00    0.00    0.00      2.00
cmq28fen004uo3pq33vklvi80紫米（原材料）            18500.0020000.00  4350.00    0.00    0.00    0.00    0.00  34150.00
cmqiwh3i006hj3pq38gpn0npw甜白酒（新版）             9750.00    0.00     0.00    0.00    0.00    0.00    0.00   9750.00
cms6zc3u30bhd3pq3lsmjxecs蔓越莓干                2375.00    0.00    60.00    0.00    0.00    0.00    0.00   2315.00
cmq28fc4z04763pq3dfs0nnue玫瑰汁                  200.00    0.00     0.00  100.00    0.00    0.00    0.00    100.00  [半成品/淘汰]
cmq28fcdh049e3pq3u57e1gzb调制椰奶                 600.00    0.00   340.00    0.00    0.00    0.00    0.00    260.00  [半成品/淘汰]
cmq28fclq04bk3pq37cg0bo6e燕麦龙珠                 150.00    0.00     0.00    0.00    0.00    0.00    0.00    150.00  [半成品/淘汰]
cmq28fco304cc3pq3jztgv3ia奇亚籽                  280.00    0.00     0.00    0.00    0.00    0.00    0.00    280.00  [半成品/淘汰]
cmq28fd5i04gz3pq3yzlhoise雪顶                   300.00    0.00     0.00    0.00    0.00    0.00    0.00    300.00  [半成品/淘汰]
cmq28fdbn04j23pq3t53w4bw4羽衣甘蓝叶                600.00    0.00    40.00  176.00    0.00    0.00    0.00    384.00  [半成品/淘汰]
cmq28fddp04jp3pq3lul6tie2黄油红糖                 150.00    0.00     0.00    0.00    0.00    0.00    0.00    150.00  [半成品/淘汰]
cmq28fdee04jz3pq35zdy35a1寒天冻                  200.00    0.00     0.00  150.00    0.00    0.00    0.00     50.00  [半成品/淘汰]
cmq28fdfi04ke3pq3ix71xb78牛油果泥                1680.00    0.00     0.00    0.00    0.00    0.00    0.00   1680.00  [半成品/淘汰]
cmq28fdfv04kj3pq3ifh1rdb3紫米                   500.00    0.00     0.00    0.00    0.00    0.00    0.00    500.00  [半成品/淘汰]

总物料: 117  半成品/淘汰: 10  负值截断: 2

SQL 已生成: C:\Users\xiemg\Documents\test\inventory-tool\tmp_weekly_task_0807.sql  任务biz: TASK202608201750308027
